Source	IRASPSC	RA	Dec	Kmag	Per	Teff	Lum	AdoptedD	AdoptedDErr	PLD	PLDErr
02_19_20.81_-02_58_39.9	02168-0312	34.8367083333333	-2.97775	-3.05167	332.7	3331.7117779370164	4616.930667628849	62.0	0	97.6769	26.1421
06_04_00.04_+07_25_52.2	06012+0726	91.0001666666667	7.43116666666667	5.87905	696.0	691.6810274124146	nan	1000.0	0	9773.88	1461.6
09_07_59.77_-43_25_57.7	R09061-4313	136.999041666667	-43.4326944444444	-1.55555	273.2830342	3833.1127812713385	8777.645546457645	166.94275523127286	0	170.585	82.3225
16_06_08.36_-30_49_33.3	16029-3041	241.534833333333	-30.8259166666667	8.56504	561.0	566.35582447052	nan	1000.0	0	29154.7	41583.6
18_50_29.58_-47_59_10.0	18467-4802	282.62325	-47.9861111111111	4.14407	630.5	745.5387115478516	nan	1000.0	0	4115.26	615.055
18_55_20.48_+43_56_43.5	18537+4352	283.835333333333	43.9454166666667	-0.0081764	453	3660.4578680475242	414055.50650550344	1000.0	0	487.565	303.935
23_19_12.60_+17_11_33.3	23166+1655	349.8025	17.1925833333333	10.3094	696.0	374.4964599609375	nan	1000.0	0	75187.2	11243.6
Gaia_DR3_1001976876149044352	06363+5954	100.193568325697	59.8670668138581	1.46071	436.02	1900.042722709477	17537.46890825896	964.9881855643332	0	934.815	139.429
Gaia_DR3_1006571838322053888	06300+6058	98.6391512452777	60.9409617387217	0.86726	447	1693.3977603912354	nan	487.7349690119043	0	723.189	109.153
Gaia_DR3_1072330429027643008	10411+6902	161.159802139115	68.7756360005803	0.950043	301.32	2979.3546652793884	19249.00367437349	557.4540477553164	0	577.289	96.3431
Gaia_DR3_1114589544261128064	05559+7430	90.6343782048912	74.5075667562671	0.739348	523.22	3151.8581056350376	38174.61925050617	632.8819628830452	0	757.434	113.085
Gaia_DR3_1192855977386610688	15483+1517	237.673896001712	15.1334702913956	0.0657852	356.08	2099.662208557129	9111.438825156	472.4183332540638	0	429.522	63.9951
Gaia_DR3_1200834239913483392	16235+1900	246.44772982948	18.8924165600204	-0.658739	406.75	2064.920493758109	14261.188607379147	404.656928480534	0	336.262	50.1353
Gaia_DR3_1210769014663216896	15255+1944	231.946024310865	19.5643885949632	1.8236	428	1520.9925174713135	nan	697.075666479475	0	1091.24	162.744
Gaia_DR3_1277100833181749760	15193+3132	230.349761044718	31.3673294353439	-0.149455	360.58	2339.2268112301826	6975.43989881306	385.7352808167249	0	392.266	58.5251
Gaia_DR3_1303081537030212480	16081+2511	242.560476634972	25.0706126125221	-0.00726651	487.86	1900.2348240697756	19629.29747018896	684.4243138722185	0	512.533	101.051
Gaia_DR3_1398822783330261248	16011+4722	240.662771615278	47.2406306997755	-1.37728	521	3118.534342199564	2953.1548456660544	125.45002646579304	0	284.961	43.2575
Gaia_DR3_1402893450252244224	15492+4837	237.694269154054	48.4829175382599	-0.615149	400	2800.0098017155688	11485.355104188498	292.55389261634446	0	339.266	51.8352
Gaia_DR3_151991956233260160	04328+2824	68.9883858567826	28.5145434046712	1.02754	420	3543.191533088684	47515.81029796673	726.7366204417289	0	746.849	111.371
Gaia_DR3_1550641356029736576	13172+4547	199.865449052378	45.5270729269319	1.15119	189	3365.310389176011	9112.759743722263	499.89222741268026	0	463.776	224.091
Gaia_DR3_1621259036510505344	14567+6607	224.39500734292	65.9325976765071	-0.91227	401	3430.5902776759467	1348.7660951339185	101.47592824594321	0	296.374	44.187
Gaia_DR3_1653382471306715264	16306+7223	247.491392929317	72.2803859974043	0.0610229	612	2534.5936225913465	5919.430757063815	371.214478	0	615.387	98.0788
Gaia_DR3_1670096491156730496	14162+6701	214.332925031422	66.7942559198708	0.716428	326.27	2272.709109823918	5900.515202459353	523.0876808030536	0	546.7	92.723
Gaia_DR3_1708259612045319808	15314+7847	232.393373568416	78.6334405977407	0.182188	326.75	2866.789141833724	4851.781596295497	369.4617989436703	0	427.886	66.0055
Gaia_DR3_1731164844433296128	20547+0247	314.317891270195	2.97899192045452	8.36602	326.2336779	5124.815110862255	36960.434738559445	4933.515508243021	0	18519.8	2758.04
Gaia_DR3_1742743698306049152	21286+1055	322.76729352551	11.1536991791415	1.40606	456.5	1536.7584228515625	nan	356.66445082345865	0	939.966	428.236
Gaia_DR3_1787887927756198784	21305+2118	323.223507142172	21.5335064013357	4.94761	86.3180707	1215.3282165527344	nan	4815.55371	0	1578.46	760.891
Gaia_DR3_1826002498358611712	19352+2030	294.349951950263	20.6160667889323	7.6141	436.9284257	1421.7357635498047	nan	1000.0	0	15922.4	2374.88
Gaia_DR3_190064333056824832	05384+3854	85.4832638219587	38.9335589707439	0.616258	454.04	2438.5303812101483	5930.587204016379	521.3482668225134	0	651.005	97.1199
Gaia_DR3_1911189532517047936	23077+3329	347.537095970855	33.7676589648638	0.0356067	61.6833085	3363.6592596798437	1898.1578737794034	193.7878440098813	0	131.325	63.4264
Gaia_DR3_1917374525942264704	23182+3920	350.156606029633	39.6205768133168	1.91722	392.33	2202.716563940048	11502.781424869534	1039.2766859268036	0	1074.97	160.244
Gaia_DR3_1923325701344651136	23212+3927	350.91620549018	39.7269297740397	0.62603	381.86	1787.079095840454	nan	483.00309839068575	0	582.522	88.0855
Gaia_DR3_1925728099897901056	23425+4338	356.259605893585	43.923879749647	1.80739	419	2032.13139728643	15447.50833182322	1172.1060124880948	0	1067.85	173.475
Gaia_DR3_1939812706413885184	23528+4821	358.840701015514	48.6382063774369	0.145561	198	3156.7839628458023	7115.1779562232205	385.3613512868098	0	301.078	145.253
Gaia_DR3_1944073004732961152	23558+5106	359.604207873711	51.3888868884341	-1.87026	430.25	2018.6103075742722	8807.028507870351	173.63481234656868	0	199.833	29.8034
Gaia_DR3_1965835329142007168	21320+3850	323.531163049904	39.0710844840908	0.707892	474	1656.1126708984375	nan	706.5511829240769	0	698.864	104.284
Gaia_DR3_1977100856572910336	21341+4508	324.010798186502	45.3745906877856	-1.28486	131.39999999999998	3238.7724326108582	6482.865020703435	185.27824817688375	0	118.48	57.3483
Gaia_DR3_1993001306528852608	23365+5159	354.755941773517	52.262456339053	0.131118	442.4430895	3192.6796373724937	40918.52587648264	846.9730804625586	0	511.741	80.8751
Gaia_DR3_1994998221499466240	23554+5612	359.505459553332	56.487055664964	1.62313	480.63	3396.0848532244563	121544.46808211703	1179.8146136117339	0	1075.15	160.446
Gaia_DR3_1997999342793591936	23420+5618	356.131728271435	56.5813746994956	0.96661	497.31	2999.887347256299	38477.38574578643	1041.4084031876978	0	812.948	121.34
Gaia_DR3_2012763997254389632	23496+6131	358.020512898004	61.8034735778545	1.52209	565.6028889	1724.7164249420166	nan	894.9393619312624	0	1144.17	170.899
Gaia_DR3_2015232710086207104	23138+6204	349.009785434534	62.3551919565348	1.31271	528.1037143	4042.125704884529	540795.4389695707	2514.5834493358484	0	992.461	148.183
Gaia_DR3_2034277144845873280	19536+3237	298.908889493218	32.7594443033597	1.37586	490	1584.7171545028687	nan	889.8374351481934	0	971.89	145.051
Gaia_DR3_2034702312280673792	19486+3247	297.641211416514	32.9138654764073	-2.42421	408.18	2317.421699091792	10919.523518451222	161.8891916377687	0	149.487	35.8793
Gaia_DR3_2039309712639256320	19071+2934	287.268954259422	29.6581313407277	2.02619	373.53	2233.7327246612404	15821.169201439316	1144.4455777119067	0	1093.82	163.011
Gaia_DR3_2047737950312466048	19422+3506	296.029169566513	35.235623619314	5.09156	662.172119	1228.281557559967	nan	10791.8291	0	6578.32	983.452
Gaia_DR3_2067754903072857600	20312+4035	308.254379094787	40.7611871217471	0.00867896	443.730713	5967.944715915764	1094466.3984309537	1517.2237259943104	0	484.625	72.2895
Gaia_DR3_2067993909412977152	20322+4215	308.505977146224	42.4240124525683	-0.131521	539.577271	3354.846056789902	207929.58218094113	1489.810339539117	0	517.728	77.3103
Gaia_DR3_2087827789209566720	20000+4954	300.364708719735	50.0423584701959	1.99374	263.7	3348.5513487044955	12991.998449337518	845.6019298437819	0	853.972	485.066
Gaia_DR3_2089390440050972416	19585+5200	299.9741265717	52.1498668641923	0.5405	75.5460361	3299.752950668335	3356.5074443198005	314.1070972721372	0	189.732	91.4693
Gaia_DR3_210232881000118528	05535+4822	89.3496740755935	48.3782400710246	1.83576	515	1900.1851838082075	26032.160094084633	1362.1475061016924	0	1241.75	185.378
Gaia_DR3_2117272405658512512	18436+4334	281.292183600584	43.6354370214611	2.18417	503.56	1551.239013671875	nan	1189.3433935409805	0	1436.15	214.372
Gaia_DR3_2166885393983390208	20502+4709	312.971574663098	47.3556546858601	0.095641	273	2799.9631653924007	133941.34124024856	946.8471416693825	0	364.652	176.475
Gaia_DR3_2167591280437990656	20396+4757	310.326067126552	48.1412760212114	-0.0428948	420.94	1900.10318007553	48946.85114287105	537.7235124493106	0	456.872	68.1304
Gaia_DR3_2174336062728231040	21389+5405	325.162805815838	54.3246627792923	-0.516956	233.43	3361.8211098597385	29819.57340635093	493.8987595865908	0	247.703	121.046
Gaia_DR3_2198945435044310400	21563+5630	329.505424490838	56.7471047770874	1.0987	478	2011.8727582669817	22464.763728912098	746.967727888495	0	841.381	125.556
Gaia_DR3_2198945435044310400	21563+5630	329.505424490838	56.7471047770874	1.0987	478	2011.8802574276924	27218.68297168287	746.967727888495	0	841.381	125.556
Gaia_DR3_2202630001603369856	21419+5832	325.876944307139	58.7800278344469	-1.54637	609	12718.75	0.0	2222.7358858085204	0	292.579	144.408
Gaia_DR3_2243282210642605952	20215+6243	305.583412689452	62.8840016139919	1.62882	417	1750.3985166549683	nan	1123.2117461058074	0	980.415	146.196
Gaia_DR3_2254593608311383936	19098+6601	287.509776205228	66.1029139069061	1.04788	611	3261.6138902306557	4214.520157783132	438.44321059469496	0	968.38	146.007
Gaia_DR3_2270451142963759744	21088+6817	317.381895248955	68.490697869752	-1.68876	390.86	2956.4170663431287	12539.395636245297	186.04169092000635	0	203.757	34.0405
Gaia_DR3_2272599554322996224	21270+7135	321.880750805278	71.816617281627	1.21668	575.3	2760.164242719038	40724.280896209	1154.5312579494935	0	1005.4	150.186
Gaia_DR3_2276568688218615552	20248+7505	306.014704267697	75.2538547272253	0.296342	186	3166.369927494088	5199.47052671426	356.9805393025638	0	309.526	149.622
Gaia_DR3_227915914192028928	04166+4056	65.0131938486853	41.0639016383363	-0.276662	331	3256.388533115387	19508.43475838911	443.1437771118498	0	349.387	54.1767
Gaia_DR3_2283441151289540864	21414+7609	325.362937725148	76.3865156744693	1.1345	184	3161.2250963179395	11313.426761336244	659.625517356803	0	452.056	222.012
Gaia_DR3_2284576328326671488	21208+7737	320.019463481084	77.8455318963907	1.51848	385.7186056	2436.823381483555	18022.33354401896	834.1358865038856	0	884.543	190.145
Gaia_DR3_2284711568256711040	21358+7823	323.803616994219	78.6244991962312	-0.389665	486.01	3374.3328911141725	32164.796083704	481.7868470064363	0	428.687	64.9749
Gaia_DR3_229989043365962496	03488+3943	58.0598217647638	39.8807434996424	2.49908	521	2944.1760885715485	124734.59603528705	1369.4194505454002	0	1698.47	253.576
Gaia_DR3_2365464065885835904	00121-1912	3.65994615645296	-18.9331897986529	0.165374	379.2181187	3717.7068633027375	1047.9243112798204	139.2128754371497	0	468.994	75.4648
Gaia_DR3_243120098423921664	03229+4721	51.6229477063293	47.5301651576321	1.70268	511	1751.983642578125	nan	3691.617447770599	0	1161.86	423.799
Gaia_DR3_2500056899148910336	02234-0024	36.5097132976931	-0.17826630160976	7.75395	165.9	3301.9092219442246	5188.080154267011	627.4941424839228	0	8892.85	106546
Gaia_DR3_2584587112574459264	01037+1219	16.6082832157739	12.598026775575	2.03593	660.0	1071.624755859375	nan	1000.0	0	1607.07	265.839
Gaia_DR3_2622506141879474304	22190-0751	335.424081145211	-7.60841043385438	0.460443	478	3048.6781945850817	2990.8245983577226	296.735915121285	0	627.105	97.1767
Gaia_DR3_265951045055816192	05073+5248	77.8310442056595	52.8758988400919	3.37654	632	1257.140040397644	nan	1000.0	0	2894.55	432.617
Gaia_DR3_266367210206027776	05132+5331	79.3237088117843	53.58605471257	-0.606928	457.42	2124.3038862012327	7367.895558465155	282.56288934827126	0	372.477	55.8506
Gaia_DR3_2673831344665067392	21439-0226	326.632819840468	-2.21266712682527	-1.47355	684.9825553	3011.826397680852	7999.439916086079	123.47334365339483	0	327.279	48.9374
Gaia_DR3_2713320510934175616	22516+0838	343.547435814146	8.90194044206437	1.97634	480	1772.7433443069458	nan	1487.4455480113581	0	1263.95	286.407
Gaia_DR3_2715274995932228352	23041+1016	346.663236855831	10.5433102896134	-0.0804767	377.76	3162.2317082621157	9425.31685091961	375.22947511809633	0	417.714	71.2902
Gaia_DR3_2762623849274089600	23257+1038	352.071310488318	10.9103895025082	8.35219	486.0	11999.800682067871	946119.0459014375	1000.0	0	24016.2	3584.17
Gaia_DR3_279632268237135488	04566+5606	75.213245432012	56.1815982573125	-0.157972	511	1484.3769073486328	nan	285.9652942332757	0	493.202	73.6257
Gaia_DR3_2844608899441322112	23173+2600	349.960430807874	26.2787899212956	-0.164692	344.77	2985.3659331053495	10763.77297874871	336.4603590058226	0	378.029	57.0424
Gaia_DR3_285972842558942464	05151+6312	79.967349274128	63.2651861991575	1.67444	507	1534.6068143844604	nan	1038.4988371605223	0	1140.85	170.3
Gaia_DR3_2902864392736607232	05450-3142	86.7345956264717	-31.6911790990837	1.79548	326.11	2431.3379446975887	6284.773012231355	641.0091263800078	0	898.293	133.777
Gaia_DR3_2915501251673548032	05404-2343	85.6384759140202	-23.6947493791716	2.10434	399.0	1729.00390625	nan	908.4005629118892	0	1184.98	184.32
Gaia_DR3_2933431228309772544	06496-1858	102.952380738326	-19.0382905746652	1.99872	277	3165.3973829193274	16200.248797570726	1093.5253955890105	0	884.533	499.41
Gaia_DR3_2962625495403737600	05027-2158	76.211902664713	-21.9047392815423	0.303447	369.09	2853.4660976351006	7207.993047340478	323.34188627097313	0	490.826	73.1428
Gaia_DR3_2987082722815713792	04573-1452	74.9014835893446	-14.8062563034467	0.0521566	435.44	3038.925126978429	14743.390398076017	451.07224132025806	0	488.236	74.2311
Gaia_DR3_2991407583086382592	06027-1628	91.2463451163959	-16.4844522564103	1.5998	260.34	4333.971608877182	7040.641436695452	278.2188204506712	0	706.212	341.085
Gaia_DR3_3001477146793228288	06176-1036	94.9925137048077	-10.6375277998802	3.55628	320.0	3500.2153519168496	2.769939902536001	29.839087775865718	0	1995.67	313.188
Gaia_DR3_3055512615681140736	07232-0544	111.419344418054	-5.85038313366696	1.74116	320.83	2234.112141287187	6974.026621398136	771.8560493431127	0	866.597	172.133
Gaia_DR3_310135125973772160	01085+3022	17.8163932239325	30.6350673162665	2.38059	552.226013	1413.0231142044067	nan	2177.3262267981922	0	1672.04	268.872
Gaia_DR3_3116620890673528320	06193-0349	95.4645488960812	-3.84493847033835	5.34712	639.870605	1335.937261581421	nan	3225.28687	0	7232.47	1081.03
Gaia_DR3_3118183988188315264	06202-0210	95.6816176182622	-2.19555614673113	1.04041	334.08	3411.0673026010045	23651.253861804566	687.8386083952281	0	644.775	96.0343
Gaia_DR3_3134470401096188288	06423+0905	101.273390239542	9.03839958394769	1.85436	421	2280.359794339165	114116.83526763583	2692.7524752942577	0	1094.68	163.242
Gaia_DR3_3143124657116728448	07299+0825	113.179407038498	8.31805341622703	0.380764	333.44	2119.5021541789174	5804.862503361347	413.4853214978486	0	475.251	75.8481
Gaia_DR3_3157390786124423168	06500+0829	103.196005723785	8.42191706781974	1.30012	539.0533182	1521.78955078125	nan	568.2788230551014	0	1000.34	149.376
Gaia_DR3_3209766434832803840	05265-0443	82.2537723639896	-4.69249076704484	-0.241011	419.99	2520.3527104854584	10109.427905710127	411.3895496574861	0	416.405	62.6245
Gaia_DR3_3220275601329091584	05271-0107	82.4332617265222	-1.0923515777061	0.884141	140.85	3852.8804578701966	768.9323474557771	153.03766334901448	0	336.971	163.443
Gaia_DR3_3228743421412376704	05028+0106	76.3488673964299	1.17760993386148	-0.502768	206	3353.428713645553	17531.052810654335	482.0973908854721	0	229.353	112.314
Gaia_DR3_3250455133929795456	03489-0131	57.8626094470636	-1.37124622220108	0.632157	112.0	3241.012379026506	5743.270474009734	430.5078646478165	0	257.456	124.126
Gaia_DR3_3283100836747825536	04396+0647	70.5887353635481	6.87782425147712	1.45835	473.252411	1679.574966430664	nan	965.5922699145452	0	986.34	147.18
Gaia_DR3_3399013173616323200	05528+2010	88.9548196800664	20.1751595130861	-0.323086	371.09	2015.0791780650616	12691.805397321832	288.0419863409453	0	369.138	55.0104
Gaia_DR3_3448297682816216960	05405+3240	85.9569979494428	32.701735908251	5.52485	683.0	1032.55033493042	nan	425.06237558088765	0	8198.93	1225.95
Gaia_DR3_3462933174719143424	12106-3350	183.303731110649	-34.1252489277713	-0.189391	252	2799.980974313803	8786.475126534076	402.86164556837656	0	303.146	146.813
Gaia_DR3_351930930201512832	02143+4404	34.3873374753859	44.3049213945862	0.0677484	396.25	2429.1015869099647	12980.497142633785	445.2844243086825	0	461.729	68.8325
Gaia_DR3_3550624862030637568	10491-2059	162.905179409655	-21.2500838859865	-0.580983	408	2947.3267316189595	20400.330921533237	435.16899867801305	0	349.236	83.7304
Gaia_DR3_3669103154094016000	14247+0454	216.818277804974	4.67811719873192	1.51485	353.35	2804.0947639988735	11683.026989288783	453.025208	0	832.847	124.082
Gaia_DR3_3704116483406003072	12447+0425	191.826737104265	4.1447111471815	2.2631	437.25	1695.587158203125	nan	756.31781	0	1355.26	202.142
Gaia_DR3_3705213108816150272	13001+0527	195.658421387463	5.18557763001681	-1.07355	167	2540.671701017709	5137.843268537512	190.30970577526662	0	153.271	73.9168
Gaia_DR3_379224622734044800	00213+3817	6.00801619273423	38.5769015106481	-0.407252	409.94	3152.7705075824633	9449.087501093012	378.1433666120821	0	379.525	75.0829
Gaia_DR3_384627240623604864	00042+4248	1.71981579614638	43.083990769224	1.59336	694	1317.9035186767578	nan	570.4745307194846	0	1355.49	435.079
Gaia_DR3_4037170684589883520	17599-3653	270.813078664852	-36.8845789380321	2.07497	506.4810315	1513.702154159546	nan	1193.648926078414	0	1371	204.654
Gaia_DR3_4053759841074432640	17326-3324	263.98481763715	-33.432394520931	2.08709	369.7097143	118233.88671875	nan	3126.149837954035	0	1117.23	166.491
Gaia_DR3_4062889842050053120	18018-2802	271.259262178449	-28.0317917375954	1.49862	247.3175167	1900.2635836601257	12262.186784480844	1054.471894678701	0	651.348	314.187
Gaia_DR3_4069167258796371712	17590-2337	270.517183147511	-23.6283815854554	2.10058	471.461029	1549.3050813674927	nan	652.5771013727564	0	1322.43	202.456
Gaia_DR3_4070441150505142784	17485-2209	267.882625427987	-22.1788291609995	0.509636	492.9090565	52359.375	0.0	7415.0853397437	0	654.771	97.7255
Gaia_DR3_4078853067206853504	18501-2132	283.288071657197	-21.4755063506461	1.0613	403.47	1900.0863656401634	44740.058124265284	1305.1242448411049	0	738.475	110.099
Gaia_DR3_4080842358598102528	19095-2311	288.147491929555	-23.1094744253253	2.02594	540.678711	1913.7646543979645	15993.537878844783	1632.5091801510725	0	1400.18	209.086
Gaia_DR3_4087578344803250176	19047-1706	286.902763143142	-17.0215468357136	1.39763	438.2718309	3160.329663224984	7205.284663311262	640.6624854159355	0	911.18	135.908
Gaia_DR3_4094972869712553088	18009-2019	270.98553943167	-20.3168530016501	1.26356	518.944458	2000.238212349359	19083.338723845205	477.9718887815167	0	958.972	143.169
Gaia_DR3_4095515753608067200	18090-1853	272.991186282874	-18.8702921910365	1.09107	397.3175704	2724.9453832022846	46336.62097779855	949.2464677748704	0	741.025	110.47
Gaia_DR3_4096626741451212416	18261-1748	277.261688559194	-17.7833484867694	1.29259	352.43	2776.626181602478	29005.811717258115	788.4567469319978	0	750.512	111.814
Gaia_DR3_4098815521116395264	18429-1721	281.463877410836	-17.2999036778886	1.63408	470.29	3064.265723824501	128121.85609674249	1575.3206799004204	0	1065	158.912
Gaia_DR3_4114754080369127296	17213-2219	261.087507615797	-22.3641811546708	1.6416	125.4113644	3199.8286125808954	11105.38578252731	980.9328503097285	0	441.98	213.102
Gaia_DR3_4158167231822032640	18040-0941	271.709201512069	-9.6879767281029	1.82009	212	3900.147687792778	12086.69857678308	875.4240498540939	0	681.403	328.65
Gaia_DR3_4158895623912375040	18039-0813	271.678620038768	-8.22005312421393	0.610882	421.54129	3423.305148957297	49291.625718992334	861.346888907428	0	617.965	93.013
Gaia_DR3_4165534921779845632	17484-0800	267.791447127122	-8.02260518415394	1.10957	681.670593	2637.794000841677	357705.25671108044	1377.3861009108373	0	1071.86	160.268
Gaia_DR3_4180105065758587520	19361-1658	294.753088210831	-16.8657899415651	2.27547	598.737366	1737.73193359375	nan	1055.965474891054	0	1681.44	308.872
Gaia_DR3_4196373577245123328	19474-0744	297.526323207344	-7.61451122336134	-0.058244	467.71	2216.282423005614	21963.045254828645	620.6210700370189	0	486.732	123.168
Gaia_DR3_4201753448976829312	19175-0807	290.075520451383	-8.03669474426557	1.53069	656.436951	1637.3138427734375	nan	1554.0235182451058	0	1268.87	189.685
Gaia_DR3_421412815180931456	00205+5530	5.8096204494988	55.7925311463774	-0.824973	444.74	2544.2804507911205	8187.840570609204	274.10120717659487	0	330.624	184.889
Gaia_DR3_4217035565393937920	20077-0625	302.616138106487	-6.27048853961264	1.92531	675.0	1176.6279935836792	nan	1000.0	0	1550.36	231.802
Gaia_DR3_4227026243433088000	20440-0105	311.653906802606	-0.902707349327438	1.53325	472.04	2013.0611795192817	11501.198728269605	687.4434371862487	0	1019.21	160.811
Gaia_DR3_4234448531043979520	19550-0201	299.400166204786	-1.88669517147373	0.682936	396.01	2620.821708831936	38270.05004879697	506.5961955303387	0	612.702	91.3385
Gaia_DR3_4239545488994881792	19328+0035	293.856413468588	0.711367410879032	1.90425	386	1903.7818014621735	60626.320055218	1631.0133541333691	0	1057.02	157.554
Gaia_DR3_4248787021657952384	20052+0554	301.929378446189	6.05332198415889	2.7994	432	1495.8057403564453	nan	1264.8845205352568	0	1720.99	313.705
Gaia_DR3_4256924885213327232	18387-0423	280.355491357282	-4.34224137393331	0.979255	332	7799.757008906454	490164.1631890876	1457.7503508085388	0	624.26	92.9757
Gaia_DR3_4259526638970008192	18398-0220	280.603632392864	-2.29088601404047	0.989519	564.457735	7224.051438140359	200062.39901768643	1466.8388689210944	0	894.103	133.546
Gaia_DR3_4278094504115046400	18213+0335	275.967488081606	3.62295041163507	1.07368	102	3356.49945957819	143321.89666850906	1411.4965171321426	0	296.398	142.891
Gaia_DR3_4289930231388231808	19412+0337	295.938709563544	3.74170213685267	2.04279	477.572449	1659.675121307373	nan	6378.09131	0	1298.82	193.817
Gaia_DR3_4307450193249412352	19039+0809	286.592732242632	8.22969789216384	-0.916167	293.0	3108.7646121159196	10543.659609488197	233.4785360563204	0	239.899	115.732
Gaia_DR3_4318934003785783680	19396+1637	295.487829560632	16.744358945944	4.2597	535.0	3641.9795513153076	2608.0180745709354	1031.3654722771173	0	3889.33	580.751
Gaia_DR3_4404055896203005952	15410-0133	235.903230429762	-1.71042587899259	0.284381	390.37	2652.7844299416756	7299.422250105121	445.37010484791404	0	505.099	77.953
Gaia_DR3_4479466244821909376	18359+0847	279.588071552	8.83417852727457	-0.865896	333.85	2305.8477091789246	6660.990925478912	198.161102	0	267.884	39.8992
Gaia_DR3_4480669110511665536	18349+1023	279.330194633547	10.4284697679634	0.906171	183	1770.1225280761719	nan	500.34322429585455	0	405.458	195.539
Gaia_DR3_4505809134661816960	18413+1354	280.901914431751	13.9563166798735	1.66189	636.6134833	2299.8837762046605	553134.281042326	4354.550871779467	0	1320.57	197.379
Gaia_DR3_4512329887134943872	18397+1738	280.477324945097	17.6856698088454	1.52349	517.881409	1601.440668106079	nan	760.9690644293719	0	1079.44	161.151
Gaia_DR3_451708896005208832	02251+5102	37.1225607839074	51.2714353642053	1.488	389.62	2299.668819308281	13279.951636416	686.4913584172367	0	878.097	130.891
Gaia_DR3_4523659121810239744	18157+1757	274.478580155149	17.9814691609504	0.0995384	444	3243.7987642694497	2812.849865202624	235.66469649925506	0	505.538	78.552
Gaia_DR3_4548958609483366272	17334+1537	263.916667759036	15.5867717396749	1.29673	339	1598.7396240234375	nan	901.9531873638912	0	732.68	163.648
Gaia_DR3_4550295924861629952	17297+1747	262.980520904135	17.7557800636412	4.02815	514.182678	23575.0732421875	0.0	802.4951190994077	0	3404.49	3565.05
Gaia_DR3_4596654564903027456	17554+2946	269.332162554912	29.7746322467009	2.20533	400	2299.9808613583446	16445.07597915684	1641.0812628817491	0	1243.47	185.38
Gaia_DR3_4613972663311070208	05411-8625	81.5258447054931	-86.3881281461352	0.535802	406.2	2885.6570939719677	17113.342253985855	588.3223256430525	0	582.362	103.015
Gaia_DR3_4614812861995591552	05052-8420	74.2564290545484	-84.2680315912591	0.657534	482.69	1706.512451171875	nan	740.799882700244	0	691.18	103.148
Gaia_DR3_4627285000344056704	03336-7636	53.1234141791613	-76.4485585597233	2.1783	359	1706.1775922775269	nan	1208.1316725333627	0	1142.5	170.23
Gaia_DR3_4664129463204423936	05098-6422	77.5370503267361	-64.3177407079813	1.02774	394.4	2453.8936892151833	11853.375205090093	553.307495	0	716.19	106.764
Gaia_DR3_4693488382160219008	02270-6944	36.9450200963613	-69.5238359160715	0.0808379	400	3207.0736490748823	2535.474214002781	224.04052293040596	0	467.453	69.6893
Gaia_DR3_4748477123328077696	02522-5005	43.4707623398139	-49.8894884106989	-0.536148	404.83	1999.8422674275935	7956.560839926578	231.49716612599445	0	354.669	119.396
Gaia_DR3_4773793103682167168	05096-4834	77.7385477950751	-48.5070304203956	0.29266	424.66	2833.451848635741	29087.237565320647	516.5565318103233	0	536.362	79.988
Gaia_DR3_4818915652134313344	05150-4056	79.1603243992689	-40.8828973760633	2.13865	314	1802.4711608886719	nan	1374.454123524486	0	1025.83	152.74
Gaia_DR3_4829019511158220928	03482-5213	57.3993897614286	-52.0798359103058	0.648068	521	3261.62977918284	4714.427700957179	387.5777650725802	0	724.195	111.518
Gaia_DR3_4835267004948293632	03511-4558	58.1960320661006	-45.8299788227681	2.36097	351.47	1999.7233234345913	10744.750491254637	1027.1335934591073	0	1225.3	182.547
Gaia_DR3_485104495815035520	05411+6957	86.6848889340106	69.9732968495993	0.799549	454	1407.7720642089844	nan	567.3768515936717	0	708.3	105.667
Gaia_DR3_4866164071963318400	04387-3819	70.12531851575	-38.2352733291227	1.12856	392.26	2236.8598070635926	10332.85444607105	500.70199600000007	0	747.504	111.429
Gaia_DR3_4896640472701491456	04094-2515	62.8792265773987	-25.1340247497503	1.77154	376.67	2135.436138510704	10183.074482079914	780.675507331569	0	978.238	145.792
Gaia_DR3_4935615308047192576	01261-4334	22.0912612743135	-43.3191541367058	-0.150358	194.1	3816.672145494522	531.8732292149971	72.95699040166511	0	259.253	127.975
Gaia_DR3_5016138145186249088	01246-3248	21.7420094257365	-32.5433145127799	-0.185912	374	2779.709841439035	17545.638684655903	382.37923341886795	0	395.266	66.3272
Gaia_DR3_5070498859055954176	02351-2711	39.3461238157481	-26.9784335169659	1.26207	468.95	1727.5390625	nan	600.5986732247644	0	895.613	133.635
Gaia_DR3_510684260179213440	01217+6049	21.2591126066021	61.0780978707451	1.087	389	2730.3452057763934	45691.53783140601	1009.8057029471153	0	729.258	108.704
Gaia_DR3_5111187420714898304	03557-1339	59.5076420220118	-13.5090126109303	-0.9338	641.0777901	3783.1376671791077	562.3554466326365	59.186813664491424	0	401.467	60.1854
Gaia_DR3_5111694364293223040	03318-1619	53.5520444790252	-16.1640500267804	0.648512	372.96	1786.789059638977	nan	342.3225975110918	0	579.384	86.3444
Gaia_DR3_516010603746128768	02316+6455	38.93622355743	65.1496895251881	0.980504	511	1946.7784357443452	83496.52353349935	652.097709069561	0	833.144	124.373
Gaia_DR3_5204483765473269888	10403-7612	160.344920763185	-76.4731900378745	1.86379	452	1797.5445985794067	nan	1391.9782003712498	0	1152.88	171.988
Gaia_DR3_5234490606036599552	11287-6918	172.737589949657	-69.578841119635	1.01421	200.5252816	2247.6072399585973	8651.299063444434	741.080817843493	0	452.987	218.474
Gaia_DR3_5236980072177623296	11145-6534	169.16204161226	-65.848879685523	3.66598	623.0	1090.225338935852	nan	4562.746119571786	0	3275.74	489.549
Gaia_DR3_5250393667337774336	09256-6324	141.72208450507	-63.6302448836216	4.30354	283.3233115	4179.102538945153	28414.833316382814	1318.3653600114503	0	2595.54	1252.11
Gaia_DR3_5250535985379773184	09309-6234	143.060464368586	-62.7888027873334	-1.07888	308.41	2343.2946771383286	5603.891114056184	177.67411173314807	0	230.333	106.518
Gaia_DR3_5254440419918902272	10359-5955	159.450427070662	-60.1931709621802	2.45207	523.3718133	1959.3501091003418	0.0	4149.030782473788	0	1667.15	248.906
Gaia_DR3_5263677657578479488	07065-7256	106.400649758911	-73.0143675329522	1.86909	452.04	2962.777541251853	47641.186834204476	711.0011705060114	0	1155.77	172.418
Gaia_DR3_5264296884486455680	07454-7112	116.26020617543	-71.3293872174377	2.06283	520	1256.1275959014893	nan	630.8099711387666	0	1387.56	207.156
Gaia_DR3_529907571724946688	00428+6854	11.5007451450455	69.1815823786725	1.49855	417	3073.0782459676266	52468.16188061051	794.4625895539987	0	923.327	137.683
Gaia_DR3_530117956400199680	00247+6922	6.92131877539126	69.6476321075528	4.93569	650.0	1357.2487831115723	nan	5610.025813543873	0	6047.27	903.964
Gaia_DR3_5302321058893809664	08349-5945	129.005358101365	-59.9407948710871	0.585141	291	2242.678964068182	11387.298335242918	543.2285042895753	0	476.763	230
Gaia_DR3_5312447629721948928	09273-5157	142.25586918499	-52.181673979568	1.07166	445.34	3245.137590477825	26507.55068233779	774.755249	0	792.598	118.231
Gaia_DR3_5314201591270710144	09220-4839	140.938609726219	-48.8666923336321	-0.207809	409.5	1750.7250308990479	nan	433.0137775327746	0	415.736	61.987
Gaia_DR3_5326072228038808832	09185-4918	140.080877803474	-49.525200368756	-0.726386	443.1	2510.3387847775593	12225.613389766517	397.4792929624002	0	345.128	51.4809
Gaia_DR3_5329116741389576960	08400-4755	130.421923448303	-48.1125584460556	0.99952	135	3407.935940809548	82745.77431217008	1579.838966236339	0	345.431	166.657
Gaia_DR3_5346197207853063296	11186-5528	170.226525431823	-55.7438348173194	3.5477	435	2929.6750450879335	51544.43140721498	771.5133642666193	0	2440.31	363.972
Gaia_DR3_5348312633858297344	11202-5305	170.631910629418	-53.3698452015578	4.23561	264.4703047	8005.348809221759	22388.333901886057	644.8757098045479	0	2402.5	1158.94
Gaia_DR3_5350389095946525568	10428-5909	161.196385800654	-59.4133547884557	1.26559	360.9010233	3431.162291765213	49416.20195285255	1735.297044267028	0	753.091	112.212
Gaia_DR3_535066514639376896	01159+7220	19.9249446866546	72.6113541505248	0.951347	613.48	3125.6992641091347	88382.11064148	954.7075527953837	0	928.783	206.682
Gaia_DR3_5355341021422598272	10133-5413	153.811656999801	-54.4782778229955	0.482754	394.75	1999.6516324509867	8212.321597656972	513.5353193729842	0	557.555	83.1162
Gaia_DR3_5366418115725495936	10323-4611	158.628977548308	-46.4580291296127	3.23927	589	1077.3733854293823	nan	600.6580165453274	0	2592.3	387.288
Gaia_DR3_5369079350489667328	11525-5057	178.761564860097	-51.2444303812222	2.6805	497	1514.6484375	nan	1321.8886045284123	0	1789.2	267.053
Gaia_DR3_5377708416517954304	11452-4553	176.935556114824	-46.1772249546517	1.8141	536.9951423	1719.54345703125	nan	950.5556913254301	0	1264.26	209.389
Gaia_DR3_5380488432883509888	11466-4128	177.29894992002	-41.7575779435615	0.696649	315.81	2873.429434688296	6786.357669041446	410.89856	0	530.079	78.9283
Gaia_DR3_5412170860445028480	09508-4345	148.199405084821	-43.9919567586495	1.23474	361.68	2147.907176753506	4809.267609805951	579.3235373487951	0	743.536	128.348
Gaia_DR3_5440991156144997504	10329-3918	158.803364271607	-39.5625783642649	-0.240339	429.0000000000001	3260.5479257984553	9148.575881029563	276.1042991485695	0	422.482	83.6863
Gaia_DR3_5446686420220838144	10189-3432	155.287950363889	-34.7885068203631	1.89898	302.76	2288.1664085315424	9363.957463737619	864.037537	0	896.53	150.075
Gaia_DR3_5512070906394195968	07276-4311	112.307259620734	-43.3005926071093	-0.371421	358	3926.4011163116083	362.9136145862189	59.06350572699298	0	352.455	52.633
Gaia_DR3_5536911588484994176	07373-4021	114.768226218378	-40.4796016106082	1.64841	474.31	1700.1852989196777	nan	957.8786906117043	0	1078.17	160.884
Gaia_DR3_5541004520525851520	08078-3801	122.415973390967	-38.1746780031129	0.380409	327.8	2225.3162219328806	4884.94098526638	370.9308038147564	0	469.789	69.9646
Gaia_DR3_5544432522903057152	08011-3627	120.756862351218	-36.5965800232461	5.2236	306.2411547	5673.235873882077	347.12581047888574	645.0697460446314	0	4176.43	621.769
Gaia_DR3_5577600974773336704	06434-3628	101.308739642782	-36.5369598939963	1.75509	500	1763.8435363769531	nan	952.2492876379741	0	1173.07	175.096
Gaia_DR3_5590757284236915968	07152-3444	109.273964459339	-34.8276096292842	1.18423	490.136139	1900.0650257256348	11499.49287604945	841.694446639257	0	889.963	132.824
Gaia_DR3_5615367584290660864	07329-2352	113.766545117191	-23.9874144676333	1.83278	215	1708.984375	nan	760.4273349649156	0	691.861	439.213
Gaia_DR3_5662662802068428160	09235-2347	141.463236791888	-24.0104841813293	1.96114	232	1582.0655822753906	nan	1405.9144273245233	0	772.267	372.498
Gaia_DR3_5664214556572301824	09429-2148	146.313438866284	-22.0292441634821	1.97444	578	1396.8505859375	nan	1848.1315585417385	0	1429.72	214.555
Gaia_DR3_5709177126086079104	08375-1707	129.973099117755	-17.3036614799449	-0.554565	416	3171.859086237964	2639.093781770487	160.81574841755778	0	358.126	53.4016
Gaia_DR3_5726179321068118528	07585-1242	120.210337034971	-12.8414161783983	1.07658	317.28	1759.1552734375	nan	615.715415953981	0	633.395	94.3143
Gaia_DR3_5776633126523778560	17446-7809	268.147721496217	-78.1782713086894	3.01494	508.8717732	1460.0279331207275	nan	370.4748577843093	0	2120.3	316.513
Gaia_DR3_5844957019622478208	12540-6845	194.315745840944	-69.0309717313347	3.92913	216.686303	1372.4064826965332	nan	1161.5058902530832	0	1826.23	880.83
Gaia_DR3_5853777267581362176	14103-6311	213.539179484397	-63.4295174848026	5.27822	164.4720689	7712.644418614218	158722.09856579045	3758.0855023703093	0	2827.4	1363.47
Gaia_DR3_5855696258930001920	12391-6834	190.552569614138	-68.8465496549858	1.75632	332.7870068	2847.3693633638322	13372.201544345911	1125.1158213088283	0	894.263	133.191
Gaia_DR3_5855768723621611008	12394-6808	190.63670197314	-68.4140639951586	1.27055	184.9393181	2731.8774091545492	14103.420519210144	960.4967957195663	0	482.924	232.9
Gaia_DR3_5858135697299074944	12454-6659	192.127442950851	-67.2725438689285	1.7907	590	1761.41357421875	nan	2062.0780674691714	0	1331.88	198.983
Gaia_DR3_5866952440466180736	14129-5940	214.142916783798	-59.9137227712362	-0.755108	538.14	3175.1647038571537	19331.012460097107	454.81330326714937	0	387.802	57.9081
Gaia_DR3_5870216890561013760	13283-5839	202.891779808226	-58.9210380375268	2.54036	557.7912857	3334.6965116634965	22025.839787191537	889.1728045193194	0	1811.79	270.598
Gaia_DR3_5874740899884472704	14484-6152	223.099212373304	-62.0720141954774	2.7053	566	1227.294921875	nan	1491.7260097375577	0	1973.95	294.841
Gaia_DR3_5876421709563606784	15027-5959	226.681710536746	-60.1791441294364	1.54034	648.2046525	6006.796960160136	2414384.703588809	3264.9559269848783	0	1263.82	188.917
Gaia_DR3_5881670537521343616	14559-5446	224.90337380175	-54.9656198469532	1.34213	401.56	2271.6460012458265	7359.423564946473	762.6852000623816	0	837.77	130.127
Gaia_DR3_5889797405925371392	15194-5115	230.771045201804	-51.4330479422658	1.97337	632	1175.0640869140625	nan	658.3034758107216	0	1516.87	226.709
Gaia_DR3_5902150144170535040	15148-4940	229.592291589439	-49.8513133414074	1.59214	526.09	1448.3294486999512	nan	763.2235630681386	0	1125.87	168.099
Gaia_DR3_5903272986051943424	15082-4808	227.922712803893	-48.3330415523074	8.28616	632	1921.197509765625	0.0	2917.657210356801	0	27765.4	112126
Gaia_DR3_5907425669656794240	14591-4438	225.634111615584	-44.8355068578838	3.43418	631.3333333333333	1352.9052734375	nan	1057.7520981223113	0	2970.32	443.939
Gaia_DR3_5940305362322633600	16316-5026	248.879215935684	-50.5362647397631	0.81813	474.4026059	1999.7049808502197	87080.43159648018	1843.1157321923195	0	735.676	109.778
Gaia_DR3_5942824343482126336	16340-4634	249.422924898632	-46.6780411930869	-1.09783	256.9200931	65601.5625	0.0	5757.180530887795	0	202.104	97.4901
Gaia_DR3_5957810515188202496	17446-4048	267.050733891059	-40.8266215915461	4.50819	506	1105.377197265625	nan	998.4203426454768	0	4201.5	627.17
Gaia_DR3_5961951963151671552	17260-3846	262.385519406063	-38.8134849826288	1.50005	517.9486378	2699.933695793152	160497.37406904867	2115.354714991757	0	1067.94	159.435
Gaia_DR3_5972808266051202304	17187-3750	260.543466897171	-37.8865405665969	-0.826841	256.1924759	37216.78924560547	0.0	4500.2268601208925	0	228.533	110.239
Gaia_DR3_5976706618925134080	17001-3651	255.885616761963	-36.920510849942	-0.0307194	449.17	2711.0546487476677	23159.129980038146	770.3579468506667	0	479.8	71.5746
Gaia_DR3_5979057477860814208	17115-3322	258.715355441857	-33.4318172125365	1.43378	389.61	3069.779731800081	9205.54683376272	567.3603238104828	0	856.429	127.661
Gaia_DR3_5981389610704878336	16030-5156	241.71531910231	-52.0763655923007	0.496353	576.5	2551.1995445704088	95906.43427297681	1194.225587438319	0	722.568	107.938
Gaia_DR3_5985269306211262336	15568-4513	240.093353509306	-45.3717955138313	1.39688	625	1429.6342134475708	nan	712.7685237169278	0	1154.56	172.549
Gaia_DR3_5985676640941632384	15323-4920	233.988959763551	-49.5079787502845	0.541014	498.2	3359.0830808076134	56943.669996390054	1262.6184975699916	0	669.056	99.8634
Gaia_DR3_6013715939740747136	15226-3603	231.44807107259	-36.2317459251948	0.946584	411.6679841	1756.339192390442	nan	722.1579922641015	0	709.951	105.858
Gaia_DR3_6028218360774108416	17043-3145	256.899084443161	-31.8250116242309	1.86917	369.62	3151.7531338334084	11732.293519947118	981.4221298169975	0	1010.39	150.569
Gaia_DR3_6029292686708214016	16534-3030	254.157601271108	-30.5800976343227	-0.561149	278.91	3362.623633146286	12094.824585601025	282.5315896895141	0	273.36	131.87
Gaia_DR3_6058307183614156672	12230-5943	186.440474331602	-60.0000279275748	0.573554	438.82	3165.266137041617	14862.766499444491	644.7952035568849	0	623.953	93.067
Gaia_DR3_6070423698625106560	13368-4941	204.998506076677	-49.9499005055272	-0.682066	699	3305.6518589146435	4719.33746445486	171.69959137624008	0	477.63	71.4274
Gaia_DR3_6121338233808094464	14020-3515	211.249562153022	-35.4973715930507	1.72336	387.5	3250.036890555639	12000.706781330442	945.6963845051022	0	975.062	145.341
Gaia_DR3_612958873284344448	09448+1139	146.889545875057	11.4286021928273	-2.61561	312.56	1900.184490904212	412902.54438558896	1000.0	0	114.522	17.0513
Gaia_DR3_6131433262381067264	12151-4610	184.459793936838	-46.4486968094974	1.75903	392.5	1672.4328994750977	nan	1264.8112931435135	0	999.737	149.029
Gaia_DR3_6137473635665852160	13150-4124	199.491831632223	-41.6739297602578	1.31436	129	2279.735789252445	7386.896788583882	632.5456875060091	0	387.383	190.01
Gaia_DR3_614377930478412032	09452+1330	146.989310484748	13.2787799967108	0.374432	684.374939	853.6491394042969	nan	1000.0	0	766.05	114.545
Gaia_DR3_6172949825010094464	14106-2940	213.386374927468	-29.9048093263116	2.26657	194	1723.6175537109375	nan	1802.9679231491536	0	788.787	380.42
Gaia_DR3_6177092406867764352	13462-2807	207.258078436304	-28.3679139302332	-3.08451	390.71	2019.6020275354385	931762.2636602396	1000.0	0	107.115	15.9671
Gaia_DR3_6195030801635544704	13269-2301	202.427988355707	-23.2812674809473	0.00982309	393.89	2292.7256655693054	8283.713796984252	137.64398043316348	0	447.785	66.7516
Gaia_DR3_6227443304915069056	15011-2505	226.01720051414	-25.2821590562471	-1.34812	677.2560044	3554.8316015303135	1547.4585731798873	83.9053978039517	0	344.122	146.96
Gaia_DR3_6251268210055712640	15214-2244	231.082547232521	-22.9111305091398	-0.105196	218.06	2280.9899640083313	2727.992433643589	200.53107460550356	0	286.104	137.994
Gaia_DR3_6269317277540296064	14086-2839	212.893262231277	-28.8855356860007	1.90732	331.82	3363.0624063313007	11155.93349335376	793.3122615773184	0	956.8	170.736
Gaia_DR3_6351709524967494528	22145-8041	335.008503395613	-80.4399388161217	-1.10447	445.9117482	3322.823578306852	1187.224558212378	90.12604712484136	0	291.205	43.439
Gaia_DR3_6373431785921493888	20484-7202	313.390175205983	-71.8574062996666	2.12979	465	1776.18408203125	nan	1175.3229821957364	0	1328.04	198.148
Gaia_DR3_6374195362387190912	20135-7152	304.749926631807	-71.72446722259	2.13698	460	1077.8199434280396	nan	861.7042790528259	0	1322.86	197.364
Gaia_DR3_6447070889998485376	19510-5919	298.80832655716	-59.1958442862067	-1.52386	171	2629.295543959597	6283.926575836107	181.0267512192848	0	126.55	61.5806
Gaia_DR3_6449240810556347008	20541-6549	314.619955030099	-65.6353281773839	1.67469	389	1627.4412870407104	nan	916.1316405399739	0	955.915	142.49
Gaia_DR3_649386277628656128	08138+1152	124.140947602137	11.7261934821014	-0.527561	360.55499877929685	2080.3002387285233	4788.745397321482	251.2843084826949	0	329.563	51.6439
Gaia_DR3_6518046392795388800	22230-4841	336.522974183439	-48.438563785322	0.613524	400.3	2105.7897735279403	9055.060420918495	556.2192122337075	0	597.713	124.559
Gaia_DR3_6520440751164201728	22231-4529	336.544645162817	-45.2366575843894	2.60543	416.7744156	1485.2299690246582	nan	1795.052989409233	0	1536.65	229.138
Gaia_DR3_6528529926929124480	23213-4521	351.028582806295	-45.0829993932865	1.66738	378	1437.80517578125	nan	995.4205635950748	0	934.617	141.595
Gaia_DR3_6582080369451053184	21206-4054	320.953240646842	-40.7014918053622	2.51176	381.15	1808.237910270691	nan	717.8092086572938	0	1386.49	231.39
Gaia_DR3_6640721619524373376	19391-5622	295.806664912643	-56.2604837742704	0.898946	538.4902941	3632.2076208220096	1706.3967750050736	244.53916203338588	0	831.017	124.091
Gaia_DR3_6649658793639910144	18280-5639	278.069618707996	-56.6173311278873	0.553047	438	1632.2325468063354	nan	545.0988581926231	0	617.317	92.0762
Gaia_DR3_6661472599400039168	19042-4858	287.009515076326	-48.9033919108901	1.65891	445.0	1999.7598327405285	20938.912128293014	950.3558604608761	0	1038.2	154.866
Gaia_DR3_6673064303813256960	20120-4433	303.86843995377	-44.4104590588401	1.3519	208.37	3300.1404905319214	3105.5667546103036	420.73177916016135	0	542.945	261.889
Gaia_DR3_6686243526923805056	20042-4241	301.923734857696	-42.539002244947	1.62577	431	1769.0982818603516	nan	680.0870666756045	0	1000.87	240.357
Gaia_DR3_6708162982723960448	18276-4717	277.845815631183	-47.260674505043	2.18379	508	2025.9806812182069	44888.9052148375	944.8841896344499	0	1444.34	215.605
Gaia_DR3_6709999476375478912	18406-4324	281.054654495996	-43.3650917879589	2.00842	322.9636614	1807.9110383987427	nan	1586.3111771873948	0	984.448	146.6
Gaia_DR3_6718281513345257856	18595-3947	285.760054269352	-39.7155270662967	1.06596	426	1560.3370666503906	nan	977.9342890089848	0	767.416	114.447
Gaia_DR3_6718509627655069696	19007-3826	286.046554637075	-38.3685152229501	0.954777	565.91	2037.1098518371582	0.0	5128.5994163658415	0	881.424	131.655
Gaia_DR3_6731199293213061632	18585-3701	285.473694177801	-36.9523982709697	3.14248	65.5828852	1539.9170517921448	nan	106.30590090325228	0	572.146	295.568
Gaia_DR3_6750288640427640192	19528-2919	298.985042520373	-29.1900768543212	0.590686	334.27	2230.6322617828846	4488.78050517083	365.0401105021646	0	524.358	78.0994
Gaia_DR3_6756288915907958144	19093-3256	288.150231837427	-32.8499243252181	0.394624	386.9955	1563.201904296875	nan	707.955672709578	0	528.332	78.7514
Gaia_DR3_6760856424654973184	18560-2954	284.807694782737	-29.8390799264272	0.714017	569.7180056	1609.6534729003906	nan	959.7843586643538	0	792.462	180.004
Gaia_DR3_6774181784016158720	21069-3843	317.531334784443	-38.517832025656	2.55728	350.635	1262.7630233764648	nan	1196.8285555914704	0	1339.1	239.55
Gaia_DR3_6846938048974889856	20038-2722	301.730314594265	-27.2251321727837	-1.40274	323	2926.7376055940986	7928.640326166981	197.31042798962156	0	204.641	30.4744
Gaia_DR3_699870869414974336	09076+3110	137.661598658722	30.9629861013161	-1.63208	625	3132.9169173911214	5343.458957937298	147.97992040922776	0	286.171	42.7681
Gaia_DR3_742247555080914432	10131+3049	154.009393371203	30.5719967034856	1.54783	614	1160.8085632324219	nan	319.2656489889518	0	1223.09	446.536
Gaia_DR3_794754943320201600	09425+3444	146.392859130171	34.5118836992004	-0.273019	373.22	2182.064247895032	5905.16140336679	289.02439301324466	0	379.195	67.713
Gaia_DR3_845446140211995264	11538+5808	179.125881088092	57.8715245819841	0.578434	190	3216.667832452222	3056.4063539310455	292.117459602442	0	357.51	172.933
Gaia_DR3_879825631134049664	07308+3037	113.49059048911	30.5104574745348	1.97807	606	1198.944091796875	nan	1807.2102583011344	0	1478.09	220.861
Gaia_DR3_944939847899350784	06331+3829	99.1368241009357	38.445417469878	-0.678221	426	3366.816572919488	25220.02723098259	489.834594091119	0	343.713	52.1066
Gaia_DR3_957462082748149120	06297+4045	98.3156874999453	40.7141509712193	2.24926	508	1188.8922452926636	nan	4375.41357	0	1488.55	222.205
HIP_34922	07120-4433	108.384660416667	-44.6397086111111	-2.03566	133.638521	3200.248111784458	919.2774464620122	47.99999999999999	0	84.7979	43.4103
